-5.126097680184205529e+00 -1.038642426206630276e+00
4.981170949193032271e+00 2.672999648222077695e+00
-1.836613273725066620e+01 -1.615640454070589982e+01
-1.963551313781814045e+01 -1.721463681708922522e+01
4.315768660321348094e+00 6.518195222176806247e+00
2.994622440844754152e-01 7.307862186561363771e+00
5.818565208692623614e+00 3.452197177782200921e+00
7.060313566951247566e+00 4.635950359499247497e+00
-6.020510138890914575e+00 -1.238352980196770048e+01
-1.670330248187276601e+00 -2.476480447364857174e+00
-7.824608677824534730e+00 -1.187629127201384804e+01
4.578143424794432370e+00 9.772165502002962967e+00
-2.752906789229763618e+00 -4.197489412099825401e+00
4.313111206125198827e+00 -2.112764652019366807e+00
-5.252164323158270420e+00 -8.001350097630263392e+00
1.102182214974336105e+01 1.178509780966874487e+01
4.102292946496449488e+00 1.935962458290424903e+00
-5.459790330746648657e+00 -5.204523858843622897e+00
4.299452677410863899e+00 3.492692163056410060e+00
-4.055908373746405893e+00 -4.360313095598763233e+00
1.398580312563083350e+00 -2.946176287585717812e+00
5.064001492468828136e-01 -4.978186024546868982e-01
-8.235383727595319669e+00 -4.809839350407073333e+00
5.608985823230008272e+00 5.254423506808996613e+00
1.224275267529534084e+01 1.354039371807762393e+01
5.501905217024449790e+00 2.833928574202693618e+00
4.127665013922832693e-01 1.410533799995339566e+00
8.017290905408913204e+00 8.540111582411887170e+00
1.628583182121684203e+01 1.653849841461270387e+01
-2.166098203885776119e+00 -1.493033972390504172e+00
-5.639999538997585660e+00 -9.114459852430987219e-01
-5.764246543243800147e+00 6.831030584987241028e-02
1.534258389059798722e+00 4.494909233377677005e+00
1.966676271324686809e+01 1.534784406890725172e+01
-1.682869739286449340e+00 2.300287697128930997e+00
1.466348107649742438e+01 1.478492125537086999e+01
-8.847056335787938153e+00 -8.921856438615629159e+00
6.620135376809288097e+00 5.388575029644234959e+00
3.269670116858694797e+00 1.043999337640689440e+01
1.132864740007157778e+01 1.511357831220514036e+01
-6.509609897789774280e+00 -7.178110975896274226e+00
-5.059819430107409310e+00 7.466163424106069257e-01
-4.840468588844279552e+00 -3.737736928903580669e+00
8.572592364809382914e+00 7.050385038209624256e+00
6.021695992676329823e+00 9.433877727108830769e+00
9.830338958304908559e+00 1.474789166961305753e+01
8.482713601720609731e+00 9.702957769115704068e+00
-1.224607774340104527e+01 -1.008088445990208548e+01
5.698149278116842353e+00 6.794406079647037799e+00
1.202329425643549676e+01 1.511461903097730186e+01
-5.785451989866600364e+00 -8.447179697384921582e+00
1.511629392974596975e+01 1.491153049916962559e+01
-3.469814151437964789e+00 -2.436099542927669948e+00
-5.779797729378593374e+00 -5.427066408348522941e+00
1.108196833797581160e+00 1.346653116627001934e+00
-2.882286277995213197e+00 -4.659572545403894317e+00
4.672158739764248558e+00 3.290019701383947393e+00
7.200506403684833856e+00 8.452389500678057388e+00
5.619740280492251827e+00 1.101074699311555705e+01
-5.068248166443135361e+00 -6.628246917258524995e+00
-2.965591240129185291e+00 -2.058662169747631943e+00
3.349984080516704932e+00 2.640626395328475873e+00
8.947729110700905153e+00 8.926679092553627015e+00
1.070344280809563209e+01 6.802788362769138786e+00
1.185784636079721999e+01 6.231450663581743044e+00
1.170163891948577373e+01 1.168742538507502005e+01
-4.081841057263614125e+00 -6.900599005457399571e+00
7.268111891036443950e+00 1.239129566150409900e+01
-1.312346255063190625e+01 -9.387822890310022927e+00
6.685763519446110692e+00 3.192050699607216213e+00
-2.540077102816547416e+00 -8.783617478037108128e+00
-3.015470432200110018e+00 -6.692056467968305888e+00
2.128303090890694360e+00 -1.446471947442074413e+00
1.112615303434833169e+00 4.757283536399674162e+00
-5.240140633655215874e-01 -8.719660865232402580e-01
-3.190190136894848205e-01 3.289840915176046821e+00
9.240949044899840814e+00 1.175928654224247794e+01
3.429970134300573292e+00 1.995003925550031809e-02
-1.299831232953977178e+01 -1.090087927824718506e+01
1.005972857158311484e+01 4.562311829742645486e+00
-3.857532243822090923e+00 -6.368273811075825463e+00
-5.695446576064170152e+00 -5.371979716936477800e+00
-5.909807068368711391e+00 -1.238278530177428838e+00
5.107257776288046003e+00 7.756726595338805375e-01
-8.089680381648632235e+00 -1.376529963391516898e+00
2.928807652722111854e+00 -2.018138351839734224e+00
2.671094534165700196e+00 2.783690376193046490e+00
1.158470040700906090e+01 9.852266607507836227e+00
-3.713780300462143913e+00 -1.428460971816726932e+00
7.683274109354310433e+00 4.476261533331737930e+00
-1.081923204364736968e+01 -1.249564620636389733e+01
7.709403664971045345e+00 6.815785900070570058e+00
-2.863412560528419082e+00 2.697390606962235537e+00
-3.399223407353244575e+00 2.033745914468070293e+00
-2.643518469373232538e+00 -3.116109100534033338e+00
1.499470541664085488e+01 1.075131878853906287e+01
3.278417553347889868e+00 3.729878550237544665e+00
3.640932662084145122e+00 1.404978744136107949e+01
1.075837258493868198e+01 1.204457153479110865e+01
-3.380473302412469572e+00 -6.123071375124101046e+00
